-1 -0.699677
-1.00695 -0.6875

-1.03125 -0.6344
-1.03518 -0.625

-1.00681 -0.6875
-1.02213 -0.65625

-1.03125 -0.634236
-1.02204 -0.65625

-1.0625 -0.532326
-1.06276 -0.53125

-1.06272 -0.53125
-1.06861 -0.5

-1.03509 -0.625
-1.04614 -0.59375

-1.0461 -0.59375
-1.0553 -0.5625

-1.0625 -0.532254
-1.05526 -0.5625

-1.06858 -0.5
-1.07298 -0.46875

-1.07296 -0.46875
-1.07595 -0.4375

-1.07593 -0.4375
-1.07758 -0.40625

-1.07757 -0.40625
-1.07794 -0.375

-1.07793 -0.375
-1.07709 -0.34375

-1.07708 -0.34375
-1.07506 -0.3125

-1.07505 -0.3125
-1.0719 -0.28125

-1.07189 -0.28125
-1.06763 -0.25

-1.06762 -0.25
-1.0625 -0.21994

-1.0625 -0.219012
-1.06246 -0.21875

-1.0623 -0.21875
-1.05592 -0.1875

-1.05591 -0.1875
-1.04851 -0.15625

-1.04851 -0.15625
-1.0401 -0.125

-1.04008 -0.125
-1.03125 -0.0956617

-1.03125 -0.0944527
-1.03104 -0.09375

-1.03069 -0.09375
-1.02029 -0.0625

-1.02028 -0.0625
-1.00891 -0.03125

-1.00863 -0.03125
-1 -0.00939479

-0.46875 -1.00246
-0.498509 -1

-0.46875 -1.0024
-0.4375 -1.00384

-0.4375 -1.00383
-0.40625 -1.00423

-0.40625 -1.00421
-0.375 -1.00362

-0.375 -1.00361
-0.34375 -1.00208

-0.34375 -1.00208
-0.316952 -1

-0.9375 -0.789713
-0.944626 -0.78125

-0.94458 -0.78125
-0.96859 -0.75

-0.90625 -0.82333
-0.916939 -0.8125

-0.875 -0.851868
-0.884365 -0.84375

-0.90625 -0.82313
-0.883774 -0.84375

-0.9375 -0.789334
-0.916781 -0.8125

-0.84375 -0.876541
-0.845814 -0.875

-0.84375 -0.876485
-0.8125 -0.897975

-0.78125 -0.916653
-0.798769 -0.90625

-0.8125 -0.897371
-0.797548 -0.90625

-0.78125 -0.916228
-0.75 -0.93246

-0.875 -0.851636
-0.845606 -0.875

-0.96875 -0.749574
-0.989156 -0.71875

-1 -0.699475
-0.989001 -0.71875

-0.96875 -0.749063
-0.968115 -0.75

-0.71875 -0.946788
-0.739336 -0.9375

-0.71875 -0.946478
-0.6875 -0.958606

-0.75 -0.93205
-0.737921 -0.9375

-0.65625 -0.969169
-0.657492 -0.96875

-0.6875 -0.958481
-0.657089 -0.96875

-0.65625 -0.96916
-0.625 -0.978143

-0.65625 -0.968481
-0.655313 -0.96875

-0.625 -0.978044
-0.59375 -0.985409

-0.59375 -0.98537
-0.5625 -0.991381

-0.5625 -0.991352
-0.53125 -0.996145

-0.53125 -0.996115
-0.5 -0.999808

-1 -0.00650999
-0.99743 0

-0.5 -0.999573
-0.494822 -1

-0.316306 -1
-0.3125 -0.999705

-0.3125 -0.999678
-0.28125 -0.996322

-0.28125 -0.99631
-0.25 -0.992011

-0.25 -0.991994
-0.21875 -0.986811

-0.21875 -0.986795
-0.1875 -0.980794

-0.1875 -0.980779
-0.15625 -0.974022

-0.15625 -0.973998
-0.134442 -0.96875

-0.133821 -0.96875
-0.125 -0.966627

-0.125 -0.966551
-0.09375 -0.95817

-0.09375 -0.958139
-0.0625 -0.948901

-0.0625 -0.948855
-0.03125 -0.938914

-0.03125 -0.938646
-0.0279151 -0.9375

-0.02671 -0.9375
0 -0.928325

-0.996581 0
-0.983259 0.03125

-0.983242 0.03125
-0.96897 0.0625

-0.96875 0.0630235
-0.953752 0.09375

-0.953722 0.09375
-0.9375 0.124954

-0.9375 0.125006
-0.920266 0.15625

-0.920198 0.15625
-0.90625 0.18013

-0.90625 0.180528
-0.902178 0.1875

-0.902011 0.1875
-0.882746 0.21875

-0.882416 0.21875
-0.875 0.230202

-0.875 0.230979
-0.862634 0.25

-0.86242 0.25
-0.84375 0.277296

-0.84375 0.277444
-0.841158 0.28125

-0.841079 0.28125
-0.818614 0.3125

-0.818083 0.3125
-0.8125 0.320108

-0.8125 0.320808
-0.795167 0.34375

-0.794785 0.34375
-0.78125 0.361031

-0.78125 0.361278
-0.770475 0.375

-0.770207 0.375
-0.75 0.39933

-0.75 0.399539
-0.744361 0.40625

-0.744283 0.40625
-0.71875 0.435544

-0.71875 0.435619
-0.717078 0.4375

-0.717066 0.4375
-0.688504 0.46875

-0.687749 0.46875
-0.6875 0.469015

-0.6875 0.469835
-0.658581 0.5

-0.657853 0.5
-0.65625 0.50163

-0.65625 0.502388
-0.627179 0.53125

-0.626448 0.53125
-0.625 0.532656

-0.625 0.533358
-0.594192 0.5625

-0.59375 0.562872
-0.5625 0.59108

-0.5625 0.591164
-0.559554 0.59375

-0.559373 0.59375
-0.53125 0.618023

-0.53125 0.618191
-0.523059 0.625

-0.522732 0.625
-0.5 0.643732

-0.5 0.644086
-0.484512 0.65625

-0.484123 0.65625
-0.46875 0.668199

-0.46875 0.668681
-0.443868 0.6875

-0.443203 0.6875
-0.4375 0.691702

-0.4375 0.692177
-0.40625 0.714711

-0.40625 0.714872
-0.400576 0.71875

-0.400265 0.71875
-0.375 0.736218

-0.375 0.736482
-0.354591 0.75

-0.353834 0.75
-0.34375 0.756622

-0.34375 0.756989
-0.3125 0.776722

-0.3125 0.776869
-0.305256 0.78125

-0.304825 0.78125
-0.28125 0.795511

-0.28125 0.795698
-0.252061 0.8125

-0.251053 0.8125
-0.25 0.813097

-0.25 0.813525
-0.21875 0.830674

-0.21875 0.830891
-0.194169 0.84375

-0.193168 0.84375
-0.1875 0.846715

-0.1875 0.847032
-0.15625 0.862554

-0.15625 0.862727
-0.130168 0.875

-0.129102 0.875
-0.125 0.87693

-0.125 0.87725
-0.09375 0.891154

-0.09375 0.891249
-0.0625 0.904379

-0.0625 0.904436
-0.0578958 0.90625

-0.0575095 0.90625
-0.03125 0.916593

-0.03125 0.916633
0 0.928231

0 -0.928213
0.03125 -0.916617

0.03125 -0.916577
0.0574724 -0.90625

0.0578627 -0.90625
0.0625 -0.904424

0.0625 -0.904366
0.09375 -0.891234

0.09375 -0.891137
0.125 -0.87723

0.125 -0.87691
0.12906 -0.875

0.130127 -0.875
0.15625 -0.862707

0.15625 -0.862535
0.1875 -0.847012

0.1875 -0.846692
0.193124 -0.84375

0.194127 -0.84375
0.21875 -0.830868

0.21875 -0.83065
0.25 -0.813501

0.25 -0.813078
0.251018 -0.8125

0.252023 -0.8125
0.28125 -0.795678

0.28125 -0.795488
0.304791 -0.78125

0.305233 -0.78125
0.3125 -0.776856

0.3125 -0.776708
0.34375 -0.756975

0.34375 -0.756606
0.353809 -0.75

0.35456 -0.75
0.375 -0.73646

0.375 -0.7362
0.400239 -0.71875

0.400545 -0.71875
0.40625 -0.714851

0.40625 -0.714689
0.4375 -0.692158

0.4375 -0.691693
0.443192 -0.6875

0.443846 -0.6875
0.46875 -0.668668

0.46875 -0.668185
0.484108 -0.65625

0.484499 -0.65625
0.5 -0.644076

0.5 -0.643721
0.52272 -0.625

0.523047 -0.625
0.53125 -0.618181

0.53125 -0.618013
0.559363 -0.59375

0.559545 -0.59375
0.5625 -0.591156

0.5625 -0.591072
0.59375 -0.562867

0.594185 -0.5625
0.625 -0.533356

0.625 -0.532653
0.626445 -0.53125

0.627178 -0.53125
0.65625 -0.50239

0.65625 -0.501633
0.657856 -0.5

0.658583 -0.5
0.6875 -0.469839

0.6875 -0.469019
0.687752 -0.46875

0.688508 -0.46875
0.717069 -0.4375

0.717081 -0.4375
0.71875 -0.435622

0.71875 -0.435547
0.744285 -0.40625

0.744363 -0.40625
0.75 -0.399541

0.75 -0.399332
0.770208 -0.375

0.770476 -0.375
0.78125 -0.361279

0.78125 -0.361031
0.794784 -0.34375

0.795166 -0.34375
0.8125 -0.320806

0.8125 -0.320106
0.818081 -0.3125

0.818613 -0.3125
0.841077 -0.28125

0.841156 -0.28125
0.84375 -0.277441

0.84375 -0.277293
0.862417 -0.25

0.86263 -0.25
0.875 -0.230972

0.875 -0.230195
0.882411 -0.21875

0.882741 -0.21875
0.902004 -0.1875

0.902171 -0.1875
0.90625 -0.180516

0.90625 -0.180117
0.92019 -0.15625

0.920259 -0.15625
0.937495 -0.125

0.9375 -0.124939
0.953713 -0.09375

0.953743 -0.09375
0.96875 -0.0630047

0.968961 -0.0625
0.983234 -0.03125

0.983251 -0.03125
0.996574 0

0 0.928343
0.0266583 0.9375

0.0278693 0.9375
0.03125 0.938661

0.03125 0.938931
0.0625 0.94887

0.0625 0.948917
0.09375 0.958153

0.09375 0.958185
0.125 0.966562

0.125 0.966639
0.133777 0.96875

0.134402 0.96875
0.15625 0.974005

0.15625 0.974029
0.1875 0.980785

0.1875 0.980801
0.21875 0.986806

0.21875 0.986823
0.25 0.992011

0.25 0.992028
0.28125 0.99633

0.28125 0.996342
0.3125 0.999698

0.3125 0.999723
0.316071 1

0.5 0.999578
0.494895 1

0.997425 0
1 0.00652201

0.5 0.999815
0.53125 0.996116

0.53125 0.996146
0.5625 0.991347

0.5625 0.991375
0.59375 0.985359

0.59375 0.985398
0.625 0.978029

0.65625 0.968463
0.655253 0.96875

0.625 0.978128
0.65625 0.969141

0.6875 0.958457
0.657031 0.96875

0.65625 0.969149
0.65743 0.96875

0.75 0.932023
0.737862 0.9375

0.6875 0.958582
0.71875 0.946451

0.71875 0.946761
0.739272 0.9375

0.96875 0.748958
0.968045 0.75

1 0.699345
0.988926 0.71875

0.96875 0.749466
0.989081 0.71875

0.875 0.851593
0.84556 0.875

0.75 0.93243
0.78125 0.916196

0.8125 0.897339
0.797495 0.90625

0.78125 0.91662
0.798712 0.90625

0.8125 0.897941
0.84375 0.876449

0.84375 0.876504
0.845764 0.875

0.9375 0.789264
0.916724 0.8125

0.90625 0.823077
0.883727 0.84375

0.875 0.851826
0.884314 0.84375

0.90625 0.823275
0.916881 0.8125

0.968518 0.75
0.944515 0.78125

0.9375 0.789641
0.944563 0.78125

0.316692 1
0.34375 1.0021

0.34375 1.0021
0.375 1.00362

0.375 1.00364
0.40625 1.00423

0.40625 1.00424
0.4375 1.00384

0.4375 1.00386
0.46875 1.00241

0.46875 1.00247
0.498592 1

1 0.00941607
1.00862 0.03125

1.0089 0.03125
1.02028 0.0625

1.02029 0.0625
1.03069 0.09375

1.03104 0.09375
1.03125 0.0944552

1.03125 0.0956645
1.04008 0.125

1.0401 0.125
1.0485 0.15625

1.04851 0.15625
1.05591 0.1875

1.05591 0.1875
1.06228 0.21875

1.06244 0.21875
1.0625 0.21909

1.0625 0.22002
1.0676 0.25

1.06761 0.25
1.07186 0.28125

1.07187 0.28125
1.07502 0.3125

1.07503 0.3125
1.07704 0.34375

1.07705 0.34375
1.07789 0.375

1.0779 0.375
1.07752 0.40625

1.07754 0.40625
1.07588 0.4375

1.0759 0.4375
1.07291 0.46875

1.07293 0.46875
1.06853 0.5

1.0625 0.532012
1.0552 0.5625

1.05523 0.5625
1.04604 0.59375

1.04608 0.59375
1.03502 0.625

1.06855 0.5
1.06266 0.53125

1.0625 0.532083
1.0627 0.53125

1.03125 0.634067
1.02197 0.65625

1.02206 0.65625
1.00674 0.6875

1.03125 0.634228
1.03511 0.625

1 0.699546
1.00687 0.6875


# Quadtree, 314 steps, 132.305 CPU, 132.5 real, 1.13e+05 points.step/s, 31 var
