-1 -0.701785
-1.00814 -0.6875

-1.03125 -0.63711
-1.0363 -0.625

-1.008 -0.6875
-1.02328 -0.65625

-1.03125 -0.6369
-1.02318 -0.65625

-1.0625 -0.536605
-1.06378 -0.53125

-1.06372 -0.53125
-1.06958 -0.5

-1.03621 -0.625
-1.04722 -0.59375

-1.04718 -0.59375
-1.05634 -0.5625

-1.0625 -0.536474
-1.0563 -0.5625

-1.06956 -0.5
-1.07392 -0.46875

-1.0739 -0.46875
-1.07685 -0.4375

-1.07684 -0.4375
-1.07846 -0.40625

-1.07844 -0.40625
-1.07879 -0.375

-1.07878 -0.375
-1.0779 -0.34375

-1.07789 -0.34375
-1.07584 -0.3125

-1.07583 -0.3125
-1.07265 -0.28125

-1.07264 -0.28125
-1.06836 -0.25

-1.06835 -0.25
-1.063 -0.21875

-1.06296 -0.21875
-1.0625 -0.216483

-1.0625 -0.216344
-1.05659 -0.1875

-1.05658 -0.1875
-1.04914 -0.15625

-1.04914 -0.15625
-1.0407 -0.125

-1.0407 -0.125
-1.03126 -0.09375

-1.03125 -0.0937156
-1.02083 -0.0625

-1.02082 -0.0625
-1.00941 -0.03125

-1.0092 -0.03125
-1 -0.00800271

-0.46875 -1.00214
-0.495481 -1

-0.46875 -1.00207
-0.4375 -1.00345

-0.4375 -1.00343
-0.40625 -1.00377

-0.40625 -1.00375
-0.375 -1.0031

-0.375 -1.00309
-0.34375 -1.00151

-0.34375 -1.00147
-0.325272 -1

-0.96875 -0.751501
-0.969826 -0.75

-0.9375 -0.791193
-0.945885 -0.78125

-0.96875 -0.751421
-0.945856 -0.78125

-0.90625 -0.824615
-0.918243 -0.8125

-0.875 -0.852957
-0.885664 -0.84375

-0.90625 -0.824347
-0.885019 -0.84375

-0.9375 -0.790751
-0.918069 -0.8125

-0.84375 -0.877464
-0.847072 -0.875

-0.84375 -0.877386
-0.8125 -0.898726

-0.78125 -0.917299
-0.799982 -0.90625

-0.8125 -0.898104
-0.798689 -0.90625

-0.78125 -0.916865
-0.75 -0.932976

-0.875 -0.852734
-0.846787 -0.875

-0.969713 -0.75
-0.99037 -0.71875

-1 -0.70155
-0.990204 -0.71875

-0.71875 -0.947201
-0.740422 -0.9375

-0.71875 -0.946891
-0.6875 -0.958904

-0.75 -0.932536
-0.73891 -0.9375

-0.65625 -0.969383
-0.658142 -0.96875

-0.6875 -0.958774
-0.657679 -0.96875

-0.65625 -0.969361
-0.625 -0.97825

-0.65625 -0.96866
-0.655932 -0.96875

-0.625 -0.978154
-0.59375 -0.985422

-0.59375 -0.985383
-0.5625 -0.991302

-0.5625 -0.991273
-0.53125 -0.995977

-0.53125 -0.995948
-0.5 -0.999554

-1 -0.00545793
-0.997839 0

-0.5 -0.999371
-0.492153 -1

-0.323704 -1
-0.3125 -0.999108

-0.3125 -0.999037
-0.28125 -0.99561

-0.28125 -0.9956
-0.25 -0.991244

-0.25 -0.991227
-0.21875 -0.985996

-0.21875 -0.985979
-0.1875 -0.97994

-0.1875 -0.979923
-0.15625 -0.973142

-0.15625 -0.97309
-0.138292 -0.96875

-0.13747 -0.96875
-0.125 -0.965736

-0.125 -0.96564
-0.09375 -0.957215

-0.09375 -0.957181
-0.0625 -0.947908

-0.0625 -0.947856
-0.03125 -0.937909

-0.03125 -0.937612
-0.030923 -0.9375

-0.0296868 -0.9375
0 -0.927289

-0.99705 0
-0.983689 0.03125

-0.983665 0.03125
-0.969361 0.0625

-0.96875 0.0638735
-0.954132 0.09375

-0.954077 0.09375
-0.937787 0.125

-0.9375 0.125588
-0.920546 0.15625

-0.920475 0.15625
-0.90625 0.180539

-0.90625 0.180919
-0.902396 0.1875

-0.902237 0.1875
-0.882922 0.21875

-0.8826 0.21875
-0.875 0.230452

-0.875 0.231217
-0.862756 0.25

-0.862541 0.25
-0.84375 0.277399

-0.84375 0.277547
-0.84122 0.28125

-0.841142 0.28125
-0.818617 0.3125

-0.818085 0.3125
-0.8125 0.320089

-0.8125 0.320787
-0.795103 0.34375

-0.794714 0.34375
-0.78125 0.360908

-0.78125 0.361152
-0.770346 0.375

-0.770071 0.375
-0.75 0.399107

-0.75 0.399319
-0.744161 0.40625

-0.744079 0.40625
-0.71875 0.435228

-0.71875 0.435315
-0.716803 0.4375

-0.716786 0.4375
-0.688142 0.46875

-0.6875 0.469447
-0.658121 0.5

-0.65739 0.5
-0.65625 0.501156

-0.65625 0.501915
-0.626627 0.53125

-0.625885 0.53125
-0.625 0.532106

-0.625 0.532807
-0.59375 0.562295

-0.59375 0.562319
-0.593553 0.5625

-0.593483 0.5625
-0.5625 0.590408

-0.5625 0.590499
-0.558785 0.59375

-0.558578 0.59375
-0.53125 0.617289

-0.53125 0.617476
-0.522165 0.625

-0.521832 0.625
-0.5 0.642931

-0.5 0.643288
-0.483513 0.65625

-0.483099 0.65625
-0.46875 0.667334

-0.46875 0.667842
-0.442695 0.6875

-0.441992 0.6875
-0.4375 0.690804

-0.4375 0.691282
-0.40625 0.71378

-0.40625 0.713982
-0.399242 0.71875

-0.39892 0.71875
-0.375 0.735273

-0.375 0.735537
-0.353112 0.75

-0.352332 0.75
-0.34375 0.755597

-0.34375 0.75598
-0.3125 0.775693

-0.3125 0.775853
-0.303591 0.78125

-0.30315 0.78125
-0.28125 0.794516

-0.28125 0.794712
-0.250319 0.8125

-0.25 0.812512
-0.21875 0.829632

-0.21875 0.829844
-0.192138 0.84375

-0.191077 0.84375
-0.1875 0.845619

-0.1875 0.845973
-0.15625 0.861492

-0.15625 0.861663
-0.127901 0.875

-0.126761 0.875
-0.125 0.875828

-0.125 0.876189
-0.09375 0.890086

-0.09375 0.890191
-0.0625 0.903342

-0.0625 0.903428
-0.0553426 0.90625

-0.0548471 0.90625
-0.03125 0.915555

-0.03125 0.915603
0 0.927223

0 -0.927194
0.03125 -0.915574

0.03125 -0.915527
0.0547727 -0.90625

0.0552717 -0.90625
0.0625 -0.903399

0.0625 -0.903313
0.09375 -0.890157

0.09375 -0.89005
0.125 -0.876149

0.125 -0.875786
0.126671 -0.875

0.127813 -0.875
0.15625 -0.861618

0.15625 -0.861448
0.1875 -0.845928

0.1875 -0.845572
0.190987 -0.84375

0.192049 -0.84375
0.21875 -0.829798

0.21875 -0.82959
0.249945 -0.8125

0.250243 -0.8125
0.28125 -0.794665

0.28125 -0.794469
0.303066 -0.78125

0.303509 -0.78125
0.3125 -0.775802

0.3125 -0.77564
0.34375 -0.755924

0.34375 -0.755538
0.352244 -0.75

0.353026 -0.75
0.375 -0.735482

0.375 -0.735217
0.398848 -0.71875

0.399179 -0.71875
0.40625 -0.713943

0.40625 -0.713739
0.4375 -0.691248

0.4375 -0.690771
0.441947 -0.6875

0.442645 -0.6875
0.46875 -0.667803

0.46875 -0.667292
0.483047 -0.65625

0.483462 -0.65625
0.5 -0.643247

0.5 -0.642888
0.521785 -0.625

0.522123 -0.625
0.53125 -0.617444

0.53125 -0.617256
0.558543 -0.59375

0.55875 -0.59375
0.5625 -0.590468

0.5625 -0.590378
0.593449 -0.5625

0.593519 -0.5625
0.59375 -0.562287

0.59375 -0.562263
0.625 -0.532776

0.625 -0.532075
0.625853 -0.53125

0.626597 -0.53125
0.65625 -0.501888

0.65625 -0.50113
0.657364 -0.5

0.658095 -0.5
0.6875 -0.469422

0.688119 -0.46875
0.716766 -0.4375

0.716782 -0.4375
0.71875 -0.435292

0.71875 -0.435204
0.74406 -0.40625

0.744142 -0.40625
0.75 -0.399297

0.75 -0.399085
0.770053 -0.375

0.770329 -0.375
0.78125 -0.36113

0.78125 -0.360886
0.794696 -0.34375

0.795086 -0.34375
0.8125 -0.320764

0.8125 -0.320065
0.818068 -0.3125

0.8186 -0.3125
0.841127 -0.28125

0.841204 -0.28125
0.84375 -0.277524

0.84375 -0.277376
0.862525 -0.25

0.86274 -0.25
0.875 -0.231192

0.875 -0.230427
0.882584 -0.21875

0.882906 -0.21875
0.902221 -0.1875

0.90238 -0.1875
0.90625 -0.180892

0.90625 -0.180511
0.920459 -0.15625

0.92053 -0.15625
0.9375 -0.125561

0.937773 -0.125
0.954063 -0.09375

0.954116 -0.09375
0.96875 -0.0638404

0.969346 -0.0625
0.98365 -0.03125

0.983674 -0.03125
0.997036 0

0 0.92732
0.0296018 0.9375

0.0308438 0.9375
0.03125 0.93764

0.03125 0.937936
0.0625 0.947878

0.0625 0.94793
0.09375 0.957197

0.09375 0.95723
0.125 0.96565

0.125 0.965745
0.137443 0.96875

0.138265 0.96875
0.15625 0.973094

0.15625 0.973145
0.1875 0.979926

0.1875 0.979943
0.21875 0.985987

0.21875 0.986005
0.25 0.991241

0.25 0.991258
0.28125 0.995617

0.28125 0.995627
0.3125 0.999054

0.3125 0.999125
0.323505 1

0.5 0.999371
0.49216 1

0.997828 0
1 0.00548605

0.5 0.999554
0.53125 0.995942

0.53125 0.99597
0.5625 0.99126

0.5625 0.991289
0.59375 0.985365

0.59375 0.985405
0.625 0.978132

0.65625 0.968633
0.65584 0.96875

0.625 0.978229
0.65625 0.969334

0.6875 0.958741
0.657592 0.96875

0.65625 0.969352
0.658049 0.96875

0.75 0.932504
0.738841 0.9375

0.6875 0.958872
0.71875 0.946857

0.71875 0.947167
0.740344 0.9375

1 0.701391
0.990111 0.71875

0.990276 0.71875
0.969617 0.75

0.875 0.85267
0.846719 0.875

0.75 0.932943
0.78125 0.916828

0.8125 0.89806
0.798621 0.90625

0.78125 0.917263
0.799913 0.90625

0.8125 0.89868
0.84375 0.877331

0.84375 0.877407
0.846995 0.875

0.9375 0.79065
0.91798 0.8125

0.90625 0.824267
0.884942 0.84375

0.875 0.852894
0.885586 0.84375

0.90625 0.82453
0.918154 0.8125

0.96875 0.751297
0.945763 0.78125

0.9375 0.791086
0.945793 0.78125

0.96875 0.751376
0.969736 0.75

0.325051 1
0.34375 1.00149

0.34375 1.00153
0.375 1.0031

0.375 1.00311
0.40625 1.00376

0.40625 1.00378
0.4375 1.00344

0.4375 1.00346
0.46875 1.00207

0.46875 1.00215
0.495482 1

1 0.00804481
1.00919 0.03125

1.0094 0.03125
1.02081 0.0625

1.02082 0.0625
1.03125 0.0937414

1.03125 0.09375
1.04069 0.125

1.04069 0.125
1.04913 0.15625

1.04913 0.15625
1.05656 0.1875

1.05657 0.1875
1.0625 0.216441

1.0625 0.216576
1.06295 0.21875

1.06298 0.21875
1.06833 0.25

1.06833 0.25
1.07261 0.28125

1.07262 0.28125
1.0758 0.3125

1.07581 0.3125
1.07785 0.34375

1.07786 0.34375
1.07873 0.375

1.07875 0.375
1.0784 0.40625

1.07841 0.40625
1.07679 0.4375

1.07681 0.4375
1.07385 0.46875

1.07387 0.46875
1.0695 0.5

1.0625 0.5362
1.05623 0.5625

1.05627 0.5625
1.04711 0.59375

1.04715 0.59375
1.03613 0.625

1.06952 0.5
1.06366 0.53125

1.0625 0.536326
1.06371 0.53125

1.03125 0.636706
1.02309 0.65625

1.02319 0.65625
1.00791 0.6875

1.03125 0.636913
1.03622 0.625

1 0.701625
1.00805 0.6875


# Quadtree, 274 steps, 116.526 CPU, 117.7 real, 1.07e+05 points.step/s, 31 var
