-1 -0.701847
-1.00818 -0.6875

-1.03125 -0.637306
-1.03639 -0.625

-1.00804 -0.6875
-1.02335 -0.65625

-1.03125 -0.637093
-1.02324 -0.65625

-1.0625 -0.537206
-1.06392 -0.53125

-1.06387 -0.53125
-1.06974 -0.5

-1.0363 -0.625
-1.04733 -0.59375

-1.04729 -0.59375
-1.05647 -0.5625

-1.0625 -0.53706
-1.05642 -0.5625

-1.06972 -0.5
-1.0741 -0.46875

-1.07408 -0.46875
-1.07705 -0.4375

-1.07703 -0.4375
-1.07866 -0.40625

-1.07865 -0.40625
-1.07901 -0.375

-1.079 -0.375
-1.07814 -0.34375

-1.07813 -0.34375
-1.07609 -0.3125

-1.07608 -0.3125
-1.07291 -0.28125

-1.0729 -0.28125
-1.06863 -0.25

-1.06863 -0.25
-1.06328 -0.21875

-1.06324 -0.21875
-1.0625 -0.215119

-1.0625 -0.21492
-1.05689 -0.1875

-1.05688 -0.1875
-1.04946 -0.15625

-1.04945 -0.15625
-1.04102 -0.125

-1.04102 -0.125
-1.03159 -0.09375

-1.03156 -0.09375
-1.03125 -0.0928297

-1.03125 -0.0927063
-1.02118 -0.0625

-1.02117 -0.0625
-1.00977 -0.03125

-1.00961 -0.03125
-1 -0.00697375

-0.46875 -1.00177
-0.490923 -1

-0.46875 -1.00168
-0.4375 -1.00307

-0.4375 -1.00305
-0.40625 -1.00338

-0.40625 -1.00336
-0.375 -1.00271

-0.375 -1.0027
-0.34375 -1.00112

-0.34375 -1.00104
-0.330644 -1

-0.96875 -0.751498
-0.969825 -0.75

-0.9375 -0.791133
-0.945847 -0.78125

-0.96875 -0.751411
-0.945816 -0.78125

-0.90625 -0.824507
-0.918153 -0.8125

-0.875 -0.852815
-0.885517 -0.84375

-0.90625 -0.824259
-0.884876 -0.84375

-0.9375 -0.790693
-0.917986 -0.8125

-0.84375 -0.8773
-0.846853 -0.875

-0.84375 -0.877226
-0.8125 -0.898542

-0.78125 -0.917083
-0.799641 -0.90625

-0.8125 -0.897926
-0.798369 -0.90625

-0.78125 -0.916656
-0.75 -0.932746

-0.875 -0.85259
-0.846575 -0.875

-0.969706 -0.75
-0.990392 -0.71875

-1 -0.70161
-0.990225 -0.71875

-0.71875 -0.94695
-0.73989 -0.9375

-0.71875 -0.946646
-0.6875 -0.958633

-0.75 -0.932315
-0.738402 -0.9375

-0.65625 -0.969071
-0.65721 -0.96875

-0.6875 -0.958488
-0.65677 -0.96875

-0.65625 -0.969076
-0.625 -0.97796

-0.65625 -0.968388
-0.654977 -0.96875

-0.625 -0.97785
-0.59375 -0.985103

-0.59375 -0.985066
-0.5625 -0.990968

-0.5625 -0.990938
-0.53125 -0.995625

-0.53125 -0.995598
-0.5 -0.999182

-1 -0.00468217
-0.998147 0

-0.5 -0.999058
-0.488182 -1

-0.328437 -1
-0.3125 -0.998729

-0.3125 -0.998647
-0.28125 -0.995209

-0.28125 -0.995198
-0.25 -0.990838

-0.25 -0.990822
-0.21875 -0.985591

-0.21875 -0.985575
-0.1875 -0.97954

-0.1875 -0.979522
-0.15625 -0.972752

-0.15625 -0.972686
-0.13994 -0.96875

-0.139022 -0.96875
-0.125 -0.965366

-0.125 -0.965265
-0.09375 -0.956843

-0.09375 -0.956806
-0.0625 -0.947542

-0.0625 -0.94749
-0.03125 -0.937563

-0.0306998 -0.9375
0 -0.926955

-0.997413 0
-0.984057 0.03125

-0.984028 0.03125
-0.969734 0.0625

-0.96875 0.0647025
-0.954543 0.09375

-0.954456 0.09375
-0.938168 0.125

-0.9375 0.12631
-0.920947 0.15625

-0.920869 0.15625
-0.90625 0.18121

-0.90625 0.181558
-0.90277 0.1875

-0.902624 0.1875
-0.883307 0.21875

-0.883006 0.21875
-0.875 0.231062

-0.875 0.231806
-0.863137 0.25

-0.862922 0.25
-0.84375 0.277947

-0.84375 0.278079
-0.841579 0.28125

-0.841515 0.28125
-0.81898 0.3125

-0.818462 0.3125
-0.8125 0.320599

-0.8125 0.321268
-0.795459 0.34375

-0.795084 0.34375
-0.78125 0.361345

-0.78125 0.361592
-0.770673 0.375

-0.770418 0.375
-0.75 0.399498

-0.75 0.399705
-0.744479 0.40625

-0.744402 0.40625
-0.71875 0.435575

-0.71875 0.435653
-0.717102 0.4375

-0.717088 0.4375
-0.688418 0.46875

-0.687666 0.46875
-0.6875 0.468926

-0.6875 0.469739
-0.658372 0.5

-0.657646 0.5
-0.65625 0.501414

-0.65625 0.502163
-0.626838 0.53125

-0.626107 0.53125
-0.625 0.53232

-0.625 0.533013
-0.59375 0.56246

-0.593661 0.5625
-0.5625 0.59053

-0.5625 0.590621
-0.55892 0.59375

-0.55872 0.59375
-0.53125 0.617379

-0.53125 0.617561
-0.522255 0.625

-0.521916 0.625
-0.5 0.642981

-0.5 0.643346
-0.483568 0.65625

-0.483139 0.65625
-0.46875 0.667358

-0.46875 0.667867
-0.442698 0.6875

-0.441984 0.6875
-0.4375 0.690794

-0.4375 0.691282
-0.40625 0.713749

-0.40625 0.713957
-0.399192 0.71875

-0.39885 0.71875
-0.375 0.735205

-0.375 0.735476
-0.353009 0.75

-0.352208 0.75
-0.34375 0.755513

-0.34375 0.755927
-0.3125 0.775607

-0.3125 0.775785
-0.303448 0.78125

-0.302922 0.78125
-0.28125 0.794335

-0.28125 0.794535
-0.25 0.812472

-0.24966 0.8125
-0.21875 0.829426

-0.21875 0.829639
-0.191716 0.84375

-0.190615 0.84375
-0.1875 0.845376

-0.1875 0.845744
-0.15625 0.861243

-0.15625 0.861416
-0.127334 0.875

-0.12616 0.875
-0.125 0.875545

-0.125 0.875916
-0.09375 0.889791

-0.09375 0.889906
-0.0625 0.903045

-0.0625 0.903136
-0.0545924 0.90625

-0.0540527 0.90625
-0.03125 0.91523

-0.03125 0.915285
0 0.926894

0 -0.926864
0.03125 -0.915256

0.03125 -0.915202
0.0539803 -0.90625

0.0545224 -0.90625
0.0625 -0.903108

0.0625 -0.903016
0.09375 -0.889874

0.09375 -0.889758
0.125 -0.87588

0.125 -0.875508
0.126082 -0.875

0.127255 -0.875
0.15625 -0.861377

0.15625 -0.861203
0.1875 -0.845703

0.1875 -0.845337
0.190542 -0.84375

0.191633 -0.84375
0.21875 -0.829602

0.21875 -0.82939
0.249624 -0.8125

0.249937 -0.8125
0.25 -0.812465

0.25 -0.812469
0.28125 -0.794524

0.28125 -0.794326
0.302862 -0.78125

0.303308 -0.78125
0.3125 -0.775689

0.3125 -0.775525
0.34375 -0.755842

0.34375 -0.755454
0.35213 -0.75

0.352922 -0.75
0.375 -0.735436

0.375 -0.735166
0.398806 -0.71875

0.39914 -0.71875
0.40625 -0.713924

0.40625 -0.713719
0.4375 -0.691254

0.4375 -0.690783
0.441968 -0.6875

0.442657 -0.6875
0.46875 -0.667833

0.46875 -0.667324
0.483098 -0.65625

0.483517 -0.65625
0.5 -0.643305

0.5 -0.64295
0.521881 -0.625

0.522217 -0.625
0.53125 -0.61753

0.53125 -0.617345
0.558684 -0.59375

0.55889 -0.59375
0.5625 -0.590595

0.5625 -0.590503
0.593636 -0.5625

0.59375 -0.562436
0.625 -0.532992

0.625 -0.532299
0.626086 -0.53125

0.626818 -0.53125
0.65625 -0.502148

0.65625 -0.501399
0.657631 -0.5

0.658357 -0.5
0.6875 -0.469726

0.6875 -0.468913
0.687653 -0.46875

0.688406 -0.46875
0.717077 -0.4375

0.717091 -0.4375
0.71875 -0.43564

0.71875 -0.435562
0.744391 -0.40625

0.744468 -0.40625
0.75 -0.399693

0.75 -0.399486
0.770408 -0.375

0.770664 -0.375
0.78125 -0.36158

0.78125 -0.361333
0.795074 -0.34375

0.795449 -0.34375
0.8125 -0.321253

0.8125 -0.320585
0.818451 -0.3125

0.818969 -0.3125
0.841503 -0.28125

0.841567 -0.28125
0.84375 -0.27806

0.84375 -0.277928
0.862906 -0.25

0.86312 -0.25
0.875 -0.231779

0.875 -0.231033
0.882987 -0.21875

0.883289 -0.21875
0.902606 -0.1875

0.902753 -0.1875
0.90625 -0.181529

0.90625 -0.18118
0.920852 -0.15625

0.92093 -0.15625
0.9375 -0.126282

0.938154 -0.125
0.954443 -0.09375

0.954527 -0.09375
0.96875 -0.064669

0.969719 -0.0625
0.984014 -0.03125

0.984043 -0.03125
0.997399 0

0 0.926988
0.0306084 0.9375

0.03125 0.937594
0.0625 0.947515

0.0625 0.947567
0.09375 0.956823

0.09375 0.956859
0.125 0.965275

0.125 0.965375
0.138991 0.96875

0.139902 0.96875
0.15625 0.972694

0.15625 0.972759
0.1875 0.97953

0.1875 0.979549
0.21875 0.985588

0.21875 0.985606
0.25 0.990841

0.25 0.990857
0.28125 0.995221

0.28125 0.99523
0.3125 0.998669

0.3125 0.998751
0.328174 1

0.5 0.999066
0.488306 1

0.998137 0
1 0.00470825

0.5 0.999192
0.53125 0.995605

0.53125 0.995631
0.5625 0.990941

0.5625 0.990971
0.59375 0.985066

0.59375 0.985105
0.625 0.97785

0.65625 0.968386
0.65497 0.96875

0.625 0.97796
0.65625 0.969075

0.6875 0.958486
0.656765 0.96875

0.65625 0.969069
0.657206 0.96875

0.75 0.932322
0.738412 0.9375

0.6875 0.958631
0.71875 0.946646

0.71875 0.946951
0.739898 0.9375

1 0.701506
0.990166 0.71875

0.990332 0.71875
0.969649 0.75

0.875 0.852578
0.84657 0.875

0.75 0.932753
0.78125 0.916664

0.8125 0.897924
0.798371 0.90625

0.78125 0.917093
0.79965 0.90625

0.8125 0.898539
0.84375 0.877216

0.84375 0.87729
0.84684 0.875

0.9375 0.790639
0.917943 0.8125

0.90625 0.824224
0.884854 0.84375

0.875 0.852804
0.885497 0.84375

0.90625 0.824471
0.91811 0.8125

0.96875 0.751338
0.945765 0.78125

0.9375 0.791076
0.945796 0.78125

0.96875 0.751422
0.969771 0.75

0.330352 1
0.34375 1.00107

0.34375 1.00114
0.375 1.00271

0.375 1.00273
0.40625 1.00338

0.40625 1.0034
0.4375 1.00307

0.4375 1.00308
0.46875 1.0017

0.46875 1.00178
0.491062 1

1 0.00701306
1.00959 0.03125

1.00976 0.03125
1.02115 0.0625

1.02117 0.0625
1.03125 0.0927327

1.03125 0.0928535
1.03155 0.09375

1.03159 0.09375
1.04101 0.125

1.04101 0.125
1.04944 0.15625

1.04945 0.15625
1.05686 0.1875

1.05687 0.1875
1.0625 0.215016

1.0625 0.215211
1.06322 0.21875

1.06326 0.21875
1.0686 0.25

1.06861 0.25
1.07287 0.28125

1.07288 0.28125
1.07605 0.3125

1.07606 0.3125
1.07809 0.34375

1.0781 0.34375
1.07896 0.375

1.07897 0.375
1.07861 0.40625

1.07862 0.40625
1.07698 0.4375

1.077 0.4375
1.07403 0.46875

1.07405 0.46875
1.06967 0.5

1.0625 0.536831
1.05637 0.5625

1.05641 0.5625
1.04723 0.59375

1.04727 0.59375
1.03623 0.625

1.06969 0.5
1.06381 0.53125

1.0625 0.536974
1.06387 0.53125

1.03125 0.636948
1.02318 0.65625

1.02329 0.65625
1.00798 0.6875

1.03125 0.637159
1.03633 0.625

1 0.701741
1.00812 0.6875


# Quadtree, 246 steps, 119.819 CPU, 120 real, 9.04e+04 points.step/s, 31 var
