-1 -0.699467
-1.00688 -0.6875

-1.03125 -0.634723
-1.03535 -0.625

-1.00674 -0.6875
-1.02218 -0.65625

-1.03125 -0.634547
-1.02209 -0.65625

-1.0625 -0.534273
-1.06323 -0.53125

-1.06318 -0.53125
-1.06916 -0.5

-1.03526 -0.625
-1.04641 -0.59375

-1.04637 -0.59375
-1.05566 -0.5625

-1.0625 -0.534139
-1.05563 -0.5625

-1.06913 -0.5
-1.07361 -0.46875

-1.07359 -0.46875
-1.07666 -0.4375

-1.07665 -0.4375
-1.07838 -0.40625

-1.07836 -0.40625
-1.07882 -0.375

-1.07881 -0.375
-1.07804 -0.34375

-1.07803 -0.34375
-1.07608 -0.3125

-1.07608 -0.3125
-1.07299 -0.28125

-1.07299 -0.28125
-1.0688 -0.25

-1.0688 -0.25
-1.06354 -0.21875

-1.06349 -0.21875
-1.0625 -0.213847

-1.0625 -0.21358
-1.05724 -0.1875

-1.05722 -0.1875
-1.04988 -0.15625

-1.04988 -0.15625
-1.04154 -0.125

-1.04153 -0.125
-1.03219 -0.09375

-1.03211 -0.09375
-1.03125 -0.0911584

-1.03125 -0.0908692
-1.02187 -0.0625

-1.02185 -0.0625
-1.01053 -0.03125

-1.01046 -0.03125
-1 -0.00465661

-0.46875 -1.00058
-0.475896 -1

-0.46875 -1.00054
-0.4375 -1.00201

-0.4375 -1.00198
-0.40625 -1.00238

-0.40625 -1.00237
-0.375 -1.00178

-0.375 -1.00175
-0.34375 -1.00027

-0.34375 -1.00009
-0.342544 -1

-0.9375 -0.789024
-0.944092 -0.78125

-0.944029 -0.78125
-0.968226 -0.75

-0.90625 -0.822442
-0.916125 -0.8125

-0.875 -0.850876
-0.883278 -0.84375

-0.90625 -0.822295
-0.882777 -0.84375

-0.9375 -0.788666
-0.916006 -0.8125

-0.84375 -0.875413
-0.844307 -0.875

-0.84375 -0.875416
-0.8125 -0.896801

-0.78125 -0.915351
-0.796645 -0.90625

-0.8125 -0.896228
-0.795555 -0.90625

-0.78125 -0.914978
-0.75 -0.931137

-0.875 -0.85064
-0.844216 -0.875

-0.84375 -0.874179
-0.842589 -0.875

-0.96875 -0.749034
-0.988953 -0.71875

-1 -0.69926
-0.988791 -0.71875

-0.96875 -0.748561
-0.967768 -0.75

-0.71875 -0.945374
-0.736282 -0.9375

-0.71875 -0.945095
-0.6875 -0.95716

-0.75 -0.930764
-0.735002 -0.9375

-0.6875 -0.956991
-0.65625 -0.967451

-0.625 -0.976617
-0.652464 -0.96875

-0.65625 -0.967057
-0.650339 -0.96875

-0.625 -0.976453
-0.59375 -0.983794

-0.59375 -0.98375
-0.5625 -0.989706

-0.5625 -0.989674
-0.53125 -0.994398

-0.53125 -0.994374
-0.5 -0.997975

-1 -0.00295874
-0.998837 0

-0.5 -0.997946
-0.474819 -1

-0.339401 -1
-0.3125 -0.997915

-0.3125 -0.997864
-0.28125 -0.994465

-0.28125 -0.994457
-0.25 -0.990158

-0.25 -0.990145
-0.21875 -0.984987

-0.21875 -0.984971
-0.1875 -0.979011

-0.1875 -0.978988
-0.15625 -0.972306

-0.15625 -0.972223
-0.141682 -0.96875

-0.140628 -0.96875
-0.125 -0.965024

-0.125 -0.964921
-0.09375 -0.956572

-0.09375 -0.956529
-0.0625 -0.947335

-0.0625 -0.947277
-0.0314442 -0.9375

-0.0310148 -0.9375
0 -0.926933

-0.998257 0
-0.98498 0.03125

-0.984949 0.03125
-0.97073 0.0625

-0.969499 0.0625
-0.96875 0.0640386

-0.96875 0.0669685
-0.955713 0.09375

-0.955526 0.09375
-0.939303 0.125

-0.938443 0.125
-0.9375 0.126719

-0.9375 0.128497
-0.922211 0.15625

-0.922085 0.15625
-0.90625 0.183383

-0.90625 0.183624
-0.903989 0.1875

-0.903889 0.1875
-0.884632 0.21875

-0.884395 0.21875
-0.875 0.233204

-0.875 0.233879
-0.864518 0.25

-0.864307 0.25
-0.84375 0.280055

-0.84375 0.280127
-0.842979 0.28125

-0.842959 0.28125
-0.82048 0.3125

-0.820013 0.3125
-0.8125 0.322749

-0.8125 0.323285
-0.797022 0.34375

-0.796712 0.34375
-0.78125 0.363338

-0.78125 0.363599
-0.772227 0.375

-0.77204 0.375
-0.75 0.40146

-0.75 0.401629
-0.746096 0.40625

-0.746042 0.40625
-0.71875 0.437488

-0.71875 0.437511
-0.690114 0.46875

-0.689432 0.46875
-0.6875 0.470801

-0.6875 0.471544
-0.660123 0.5

-0.659425 0.5
-0.65625 0.503214

-0.65625 0.503931
-0.628555 0.53125

-0.627895 0.53125
-0.625 0.534046

-0.625 0.5347
-0.595433 0.5625

-0.594726 0.5625
-0.59375 0.563399

-0.59375 0.564025
-0.5625 0.592053

-0.5625 0.592118
-0.56063 0.59375

-0.560484 0.59375
-0.53125 0.618804

-0.53125 0.618955
-0.523934 0.625

-0.52361 0.625
-0.5 0.644347

-0.5 0.644682
-0.485157 0.65625

-0.484765 0.65625
-0.46875 0.668663

-0.46875 0.669124
-0.4443 0.6875

-0.443636 0.6875
-0.4375 0.691988

-0.4375 0.692466
-0.40625 0.714848

-0.40625 0.715008
-0.400733 0.71875

-0.400415 0.71875
-0.375 0.736199

-0.375 0.736467
-0.354437 0.75

-0.353638 0.75
-0.34375 0.756455

-0.34375 0.756852
-0.3125 0.776444

-0.3125 0.776595
-0.304751 0.78125

-0.304239 0.78125
-0.28125 0.79506

-0.28125 0.79528
-0.251099 0.8125

-0.25 0.812938
-0.21875 0.829957

-0.21875 0.830202
-0.192663 0.84375

-0.191544 0.84375
-0.1875 0.84585

-0.1875 0.8462
-0.15625 0.861612

-0.15625 0.861805
-0.127982 0.875

-0.126764 0.875
-0.125 0.875823

-0.125 0.876185
-0.09375 0.889978

-0.09375 0.890113
-0.0625 0.903168

-0.0625 0.903254
-0.0548373 0.90625

-0.0542503 0.90625
-0.03125 0.915243

-0.03125 0.915306
0 0.926847

0 -0.926831
0.03125 -0.915295

0.03125 -0.915233
0.0542324 -0.90625

0.0548173 -0.90625
0.0625 -0.903247

0.0625 -0.903162
0.09375 -0.890107

0.09375 -0.889972
0.125 -0.876178

0.125 -0.875818
0.126752 -0.875

0.127964 -0.875
0.15625 -0.861797

0.15625 -0.861605
0.1875 -0.846197

0.1875 -0.845846
0.191538 -0.84375

0.192661 -0.84375
0.21875 -0.830206

0.21875 -0.829961
0.25 -0.812946

0.251114 -0.8125
0.28125 -0.795288

0.28125 -0.795068
0.304245 -0.78125

0.304751 -0.78125
0.3125 -0.776594

0.3125 -0.776442
0.34375 -0.756843

0.34375 -0.75644
0.353639 -0.75

0.35441 -0.75
0.375 -0.736461

0.375 -0.736531
0.4375 -0.692588

0.4375 -0.691923
0.443564 -0.6875

0.444274 -0.6875
0.46875 -0.66914

0.46875 -0.668667
0.484777 -0.65625

0.485167 -0.65625
0.5 -0.644692

0.5 -0.644359
0.523621 -0.625

0.523936 -0.625
0.53125 -0.618955

0.53125 -0.618805
0.560479 -0.59375

0.560625 -0.59375
0.5625 -0.592114

0.5625 -0.59205
0.59375 -0.564022

0.59375 -0.5634
0.594727 -0.5625

0.595431 -0.5625
0.625 -0.534702

0.625 -0.534046
0.627896 -0.53125

0.628559 -0.53125
0.65625 -0.50394

0.65625 -0.503223
0.659434 -0.5

0.660132 -0.5
0.6875 -0.471554

0.6875 -0.470811
0.689441 -0.46875

0.690123 -0.46875
0.71875 -0.43752

0.71875 -0.437496
0.746047 -0.40625

0.746102 -0.40625
0.75 -0.401635

0.75 -0.401466
0.772044 -0.375

0.772231 -0.375
0.78125 -0.363603

0.78125 -0.363342
0.796714 -0.34375

0.797024 -0.34375
0.8125 -0.323286

0.8125 -0.322751
0.820014 -0.3125

0.820481 -0.3125
0.842958 -0.28125

0.842978 -0.28125
0.84375 -0.280125

0.84375 -0.280053
0.864304 -0.25

0.864514 -0.25
0.875 -0.233872

0.875 -0.233197
0.88439 -0.21875

0.884626 -0.21875
0.903881 -0.1875

0.903981 -0.1875
0.90625 -0.18361

0.90625 -0.183368
0.922076 -0.15625

0.922202 -0.15625
0.9375 -0.128479

0.9375 -0.126701
0.938433 -0.125

0.939294 -0.125
0.955517 -0.09375

0.955702 -0.09375
0.96875 -0.0669468

0.96875 -0.0640194
0.96949 -0.0625

0.970721 -0.0625
0.98494 -0.03125

0.984971 -0.03125
0.998248 0

0 0.92695
0.0309653 0.9375

0.0313976 0.9375
0.0625 0.947287

0.0625 0.947346
0.09375 0.956536

0.09375 0.956578
0.125 0.964922

0.125 0.965025
0.140626 0.96875

0.141673 0.96875
0.15625 0.972225

0.15625 0.972307
0.1875 0.978992

0.1875 0.979016
0.21875 0.984982

0.21875 0.984999
0.25 0.990163

0.25 0.990176
0.28125 0.994478

0.28125 0.994487
0.3125 0.997886

0.3125 0.997939
0.339102 1

0.5 0.99795
0.474919 1

0.998831 0
1 0.0029732

0.5 0.997979
0.53125 0.994372

0.53125 0.994396
0.5625 0.989668

0.5625 0.9897
0.59375 0.98374

0.59375 0.983785
0.625 0.976442

0.65625 0.967041
0.650286 0.96875

0.625 0.976606
0.652412 0.96875

0.65625 0.967434
0.6875 0.956971

0.75 0.93074
0.73495 0.9375

0.6875 0.957139
0.71875 0.945072

0.71875 0.94535
0.736226 0.9375

0.96875 0.748453
0.967695 0.75

1 0.699141
0.988721 0.71875

0.96875 0.748924
0.988882 0.71875

0.84375 0.874138
0.842532 0.875

0.875 0.850584
0.844163 0.875

0.75 0.931112
0.78125 0.914951

0.8125 0.896197
0.795507 0.90625

0.78125 0.915324
0.796596 0.90625

0.8125 0.896771
0.84375 0.875376

0.84375 0.875373
0.844252 0.875

0.9375 0.788582
0.915931 0.8125

0.90625 0.822223
0.882712 0.84375

0.875 0.85082
0.883208 0.84375

0.90625 0.822368
0.916048 0.8125

0.968151 0.75
0.943953 0.78125

0.9375 0.788936
0.944017 0.78125

0.342298 1
0.34375 1.00011

0.34375 1.00029
0.375 1.00177

0.375 1.0018
0.40625 1.00238

0.40625 1.0024
0.4375 1.002

0.4375 1.00202
0.46875 1.00055

0.46875 1.00059
0.475997 1

1 0.00468279
1.01045 0.03125

1.01052 0.03125
1.02184 0.0625

1.02186 0.0625
1.03125 0.0908924

1.03125 0.0911796
1.0321 0.09375

1.03218 0.09375
1.04153 0.125

1.04153 0.125
1.04987 0.15625

1.04987 0.15625
1.05721 0.1875

1.05722 0.1875
1.0625 0.213681

1.0625 0.213943
1.06347 0.21875

1.06352 0.21875
1.06877 0.25

1.06878 0.25
1.07296 0.28125

1.07296 0.28125
1.07604 0.3125

1.07605 0.3125
1.07799 0.34375

1.078 0.34375
1.07877 0.375

1.07878 0.375
1.07833 0.40625

1.07834 0.40625
1.07661 0.4375

1.07663 0.4375
1.07355 0.46875

1.07357 0.46875
1.06909 0.5

1.0625 0.533937
1.05557 0.5625

1.05561 0.5625
1.04632 0.59375

1.04636 0.59375
1.0352 0.625

1.06911 0.5
1.06313 0.53125

1.0625 0.53407
1.06318 0.53125

1.03125 0.634402
1.02203 0.65625

1.02212 0.65625
1.00667 0.6875

1.03125 0.634578
1.03529 0.625

1 0.699347
1.00681 0.6875


# Quadtree, 186 steps, 82.1314 CPU, 82.25 real, 8.92e+04 points.step/s, 31 var
