-1 -0.738297
-1.01208 -0.71875

-1.01193 -0.71875
-1.02843 -0.6875

-1.03125 -0.68112
-1.04241 -0.65625

-1.04232 -0.65625
-1.05414 -0.625

-1.03125 -0.680746
-1.02822 -0.6875

-1.0625 -0.598284
-1.06392 -0.59375

-1.06386 -0.59375
-1.07183 -0.5625

-1.0718 -0.5625
-1.07807 -0.53125

-1.07805 -0.53125
-1.08274 -0.5

-1.0625 -0.598178
-1.05408 -0.625

-1.08272 -0.5
-1.08594 -0.46875

-1.08592 -0.46875
-1.08775 -0.4375

-1.08773 -0.4375
-1.08824 -0.40625

-1.08823 -0.40625
-1.08748 -0.375

-1.08747 -0.375
-1.08552 -0.34375

-1.08551 -0.34375
-1.08239 -0.3125

-1.08239 -0.3125
-1.07815 -0.28125

-1.07814 -0.28125
-1.07282 -0.25

-1.07281 -0.25
-1.06642 -0.21875

-1.06634 -0.21875
-1.0625 -0.202588

-1.0625 -0.201864
-1.05909 -0.1875

-1.05899 -0.1875
-1.05057 -0.15625

-1.05057 -0.15625
-1.04115 -0.125

-1.04114 -0.125
-1.03125 -0.0953258

-1.03125 -0.0944755
-1.03101 -0.09375

-1.03073 -0.09375
-1.01932 -0.0625

-1.01929 -0.0625
-1.00697 -0.03125

-1.00632 -0.03125
-1 -0.0163801

-0.53125 -1.00216
-0.549665 -1

-0.53125 -1.00209
-0.5 -1.00462

-0.5 -1.00461
-0.46875 -1.00603

-0.46875 -1.00601
-0.4375 -1.00638

-0.4375 -1.00636
-0.40625 -1.00574

-0.40625 -1.00572
-0.375 -1.00418

-0.375 -1.00417
-0.34375 -1.00175

-0.34375 -1.0017
-0.32782 -1

-0.875 -0.875918
-0.876176 -0.875

-0.9375 -0.819581
-0.944083 -0.8125

-0.96875 -0.783353
-0.970405 -0.78125

-0.970265 -0.78125
-0.992839 -0.75

-0.96875 -0.783234
-0.943988 -0.8125

-0.90625 -0.84998
-0.913074 -0.84375

-0.9375 -0.819444
-0.912877 -0.84375

-0.90625 -0.849824
-0.876145 -0.875

-0.875 -0.875912
-0.84375 -0.898332

-0.8125 -0.91762
-0.830969 -0.90625

-0.84375 -0.897745
-0.829935 -0.90625

-0.75 -0.94856
-0.773938 -0.9375

-0.8125 -0.917238
-0.78125 -0.93396

-0.78125 -0.933466
-0.772518 -0.9375

-0.875 -0.874827
-0.87477 -0.875

-1 -0.738016
-0.992594 -0.75

-0.75 -0.94829
-0.71875 -0.96066

-0.6875 -0.971422
-0.695297 -0.96875

-0.71875 -0.960509
-0.694705 -0.96875

-0.6875 -0.971356
-0.65625 -0.980439

-0.65625 -0.980374
-0.625 -0.987786

-0.625 -0.98773
-0.59375 -0.993709

-0.59375 -0.993655
-0.5625 -0.998421

-0.5625 -0.998327
-0.548218 -1

-1 -0.0128398
-0.994543 0

-0.326078 -1
-0.3125 -0.998555

-0.3125 -0.998464
-0.28125 -0.994152

-0.28125 -0.994123
-0.25 -0.988863

-0.25 -0.988828
-0.21875 -0.982749

-0.21875 -0.982723
-0.1875 -0.975947

-0.1875 -0.975928
-0.157138 -0.96875

-0.156639 -0.96875
-0.15625 -0.968658

-0.15625 -0.968679
-0.125 -0.96044

-0.125 -0.960361
-0.09375 -0.951156

-0.09375 -0.95109
-0.0625 -0.941212

-0.0625 -0.941059
-0.0520082 -0.9375

-0.0508947 -0.9375
-0.03125 -0.930836

-0.03125 -0.930695
0 -0.919204

-0.993712 0
-0.979423 0.03125

-0.979273 0.03125
-0.96875 0.0528394

-0.96875 0.0538704
-0.964544 0.0625

-0.9642 0.0625
-0.948009 0.09375

-0.947842 0.09375
-0.9375 0.112573

-0.9375 0.113351
-0.9311 0.125

-0.93084 0.125
-0.912689 0.15625

-0.912306 0.15625
-0.90625 0.166142

-0.90625 0.167088
-0.893733 0.1875

-0.893512 0.1875
-0.875 0.216192

-0.875 0.216308
-0.873442 0.21875

-0.87339 0.21875
-0.852201 0.25

-0.851839 0.25
-0.84375 0.261537

-0.84375 0.262097
-0.830102 0.28125

-0.829882 0.28125
-0.8125 0.304526

-0.8125 0.304765
-0.806739 0.3125

-0.806604 0.3125
-0.78217 0.34375

-0.781495 0.34375
-0.78125 0.344055

-0.78125 0.344917
-0.756612 0.375

-0.756105 0.375
-0.75 0.382259

-0.75 0.382855
-0.729936 0.40625

-0.729432 0.40625
-0.71875 0.418378

-0.71875 0.418722
-0.702004 0.4375

-0.701462 0.4375
-0.6875 0.452619

-0.6875 0.452961
-0.672604 0.46875

-0.672176 0.46875
-0.65625 0.485175

-0.65625 0.485529
-0.641862 0.5

-0.641518 0.5
-0.625 0.516204

-0.625 0.51656
-0.609617 0.53125

-0.609343 0.53125
-0.59375 0.545821

-0.59375 0.546254
-0.575811 0.5625

-0.575553 0.5625
-0.5625 0.574151

-0.5625 0.574596
-0.540458 0.59375

-0.540031 0.59375
-0.53125 0.601254

-0.53125 0.601711
-0.503287 0.625

-0.502633 0.625
-0.5 0.627151

-0.5 0.627651
-0.46875 0.652554

-0.46875 0.652657
-0.464075 0.65625

-0.463845 0.65625
-0.4375 0.676401

-0.4375 0.676635
-0.422695 0.6875

-0.422213 0.6875
-0.40625 0.699174

-0.40625 0.699527
-0.378909 0.71875

-0.378143 0.71875
-0.375 0.720893

-0.375 0.721365
-0.34375 0.742336

-0.34375 0.742546
-0.332203 0.75

-0.3316 0.75
-0.3125 0.76233

-0.3125 0.762576
-0.282207 0.78125

-0.28125 0.781698
-0.25 0.800138

-0.25 0.800406
-0.228603 0.8125

-0.22767 0.8125
-0.21875 0.817542

-0.21875 0.817841
-0.1875 0.834649

-0.1875 0.834845
-0.170155 0.84375

-0.169379 0.84375
-0.15625 0.850491

-0.15625 0.850702
-0.125 0.865965

-0.125 0.866151
-0.105875 0.875

-0.104955 0.875
-0.09375 0.880184

-0.09375 0.880383
-0.0625 0.894122

-0.0625 0.894281
-0.0334972 0.90625

-0.0321288 0.90625
-0.03125 0.906613

-0.03125 0.906974
0 0.919115

0 -0.919087
0.03125 -0.906957

0.03125 -0.906595
0.0320864 -0.90625

0.0334656 -0.90625
0.0625 -0.894273

0.0625 -0.894111
0.09375 -0.88037

0.09375 -0.880171
0.104926 -0.875

0.105847 -0.875
0.125 -0.866138

0.125 -0.865952
0.15625 -0.850689

0.15625 -0.850479
0.169355 -0.84375

0.17013 -0.84375
0.1875 -0.834831

0.1875 -0.834635
0.21875 -0.817825

0.21875 -0.817525
0.22764 -0.8125

0.228576 -0.8125
0.25 -0.80039

0.25 -0.800123
0.28125 -0.781684

0.282189 -0.78125
0.3125 -0.762562

0.3125 -0.762315
0.331568 -0.75

0.332165 -0.75
0.34375 -0.742518

0.34375 -0.742309
0.375 -0.721335

0.375 -0.720864
0.378101 -0.71875

0.378871 -0.71875
0.40625 -0.6995

0.40625 -0.699147
0.422176 -0.6875

0.422655 -0.6875
0.4375 -0.676604

0.4375 -0.676366
0.463802 -0.65625

0.46404 -0.65625
0.46875 -0.652632

0.46875 -0.652526
0.5 -0.627635

0.5 -0.627136
0.502616 -0.625

0.503271 -0.625
0.53125 -0.601708

0.53125 -0.601249
0.54003 -0.59375

0.540459 -0.59375
0.5625 -0.574604

0.5625 -0.574161
0.575569 -0.5625

0.575825 -0.5625
0.59375 -0.54627

0.59375 -0.545836
0.609362 -0.53125

0.609637 -0.53125
0.625 -0.516582

0.625 -0.516225
0.641541 -0.5

0.641883 -0.5
0.65625 -0.48555

0.65625 -0.485197
0.672196 -0.46875

0.672623 -0.46875
0.6875 -0.452981

0.6875 -0.452641
0.701481 -0.4375

0.702022 -0.4375
0.71875 -0.41874

0.71875 -0.418395
0.729446 -0.40625

0.72995 -0.40625
0.75 -0.382869

0.75 -0.382273
0.756117 -0.375

0.756625 -0.375
0.78125 -0.344933

0.78125 -0.344071
0.781508 -0.34375

0.782183 -0.34375
0.806616 -0.3125

0.806749 -0.3125
0.8125 -0.304778

0.8125 -0.304539
0.829893 -0.28125

0.830116 -0.28125
0.84375 -0.262118

0.84375 -0.26156
0.851857 -0.25

0.852217 -0.25
0.873404 -0.21875

0.873456 -0.21875
0.875 -0.216329

0.875 -0.216213
0.893524 -0.1875

0.893746 -0.1875
0.90625 -0.167107

0.90625 -0.166161
0.912318 -0.15625

0.9127 -0.15625
0.930845 -0.125

0.931104 -0.125
0.9375 -0.113355

0.9375 -0.112578
0.947841 -0.09375

0.948006 -0.09375
0.964192 -0.0625

0.964535 -0.0625
0.96875 -0.0538513

0.96875 -0.0528205
0.979262 -0.03125

0.979412 -0.03125
0.993701 0

0 0.919236
0.03125 0.930731

0.03125 0.930873
0.0507982 0.9375

0.0519256 0.9375
0.0625 0.941085

0.0625 0.941238
0.09375 0.951103

0.09375 0.951169
0.125 0.96036

0.125 0.960437
0.15625 0.968666

0.15625 0.968646
0.15669 0.96875

0.15719 0.96875
0.1875 0.975914

0.1875 0.975933
0.21875 0.982717

0.21875 0.982746
0.25 0.988837

0.25 0.988873
0.28125 0.994142

0.28125 0.994171
0.3125 0.998487

0.3125 0.998577
0.325865 1

0.994532 0
1 0.0128651

0.5625 0.998327
0.548231 1

0.5625 0.998421
0.59375 0.99365

0.59375 0.993705
0.625 0.987724

0.625 0.987781
0.65625 0.980365

0.65625 0.980431
0.6875 0.971335

0.71875 0.960469
0.694625 0.96875

0.6875 0.971401
0.695224 0.96875

0.71875 0.960621
0.75 0.948239

1 0.737738
0.992419 0.75

0.875 0.874761
0.874682 0.875

0.78125 0.933415
0.77241 0.9375

0.78125 0.933906
0.8125 0.917184

0.75 0.948509
0.77382 0.9375

0.84375 0.897694
0.829854 0.90625

0.8125 0.917565
0.830878 0.90625

0.84375 0.898278
0.875 0.875849

0.90625 0.849736
0.876074 0.875

0.9375 0.819297
0.912778 0.84375

0.90625 0.849892
0.912969 0.84375

0.96875 0.783032
0.943839 0.8125

0.99266 0.75
0.970093 0.78125

0.96875 0.783144
0.970239 0.78125

0.9375 0.819433
0.943936 0.8125

0.875 0.875853
0.876092 0.875

0.327585 1
0.34375 1.00172

0.34375 1.00177
0.375 1.00419

0.375 1.0042
0.40625 1.00574

0.40625 1.00576
0.4375 1.00638

0.4375 1.00639
0.46875 1.00602

0.46875 1.00604
0.5 1.00462

0.5 1.00463
0.53125 1.0021

0.53125 1.00216
0.549682 1

1 0.0164121
1.00631 0.03125

1.00696 0.03125
1.01928 0.0625

1.01931 0.0625
1.03072 0.09375

1.031 0.09375
1.03125 0.0944877

1.03125 0.0953442
1.04114 0.125

1.04115 0.125
1.05056 0.15625

1.05056 0.15625
1.05898 0.1875

1.05908 0.1875
1.0625 0.201934

1.0625 0.202655
1.06632 0.21875

1.0664 0.21875
1.07278 0.25

1.07279 0.25
1.07811 0.28125

1.07812 0.28125
1.08234 0.3125

1.08235 0.3125
1.08546 0.34375

1.08547 0.34375
1.08742 0.375

1.08743 0.375
1.08818 0.40625

1.08819 0.40625
1.08768 0.4375

1.08769 0.4375
1.08586 0.46875

1.08588 0.46875
1.08265 0.5

1.0625 0.597826
1.05396 0.625

1.08267 0.5
1.07796 0.53125

1.07799 0.53125
1.0717 0.5625

1.07173 0.5625
1.06375 0.59375

1.0625 0.597934
1.06381 0.59375

1.03125 0.680418
1.02807 0.6875

1.05402 0.625
1.04219 0.65625

1.03125 0.680787
1.04228 0.65625

1.02827 0.6875
1.01176 0.71875

1 0.738015
1.01191 0.71875


# Quadtree, 178 steps, 102.044 CPU, 102.1 real, 8.26e+04 points.step/s, 31 var
