-1 -0.727519
-1.00542 -0.71875

-1.00532 -0.71875
-1.02221 -0.6875

-1.03125 -0.667833
-1.03659 -0.65625

-1.03648 -0.65625
-1.04866 -0.625

-1.03125 -0.667649
-1.0221 -0.6875

-1.0625 -0.57978
-1.0671 -0.5625

-1.06703 -0.5625
-1.07366 -0.53125

-1.07363 -0.53125
-1.07868 -0.5

-1.04862 -0.625
-1.05878 -0.59375

-1.0625 -0.579463
-1.05869 -0.59375

-1.07866 -0.5
-1.08222 -0.46875

-1.0822 -0.46875
-1.08437 -0.4375

-1.08435 -0.4375
-1.08519 -0.40625

-1.08518 -0.40625
-1.08476 -0.375

-1.08475 -0.375
-1.08312 -0.34375

-1.08311 -0.34375
-1.08032 -0.3125

-1.08031 -0.3125
-1.0764 -0.28125

-1.07639 -0.28125
-1.07137 -0.25

-1.07137 -0.25
-1.06529 -0.21875

-1.06521 -0.21875
-1.0625 -0.206847

-1.0625 -0.206308
-1.05822 -0.1875

-1.05816 -0.1875
-1.05004 -0.15625

-1.05003 -0.15625
-1.0409 -0.125

-1.04089 -0.125
-1.03125 -0.0952285

-1.03125 -0.0943615
-1.03105 -0.09375

-1.03078 -0.09375
-1.01966 -0.0625

-1.01964 -0.0625
-1.00759 -0.03125

-1.00705 -0.03125
-1 -0.0143072

-0.53125 -1.00051
-0.535194 -1

-0.53125 -1.00049
-0.5 -1.00337

-0.5 -1.00335
-0.46875 -1.00509

-0.46875 -1.00507
-0.4375 -1.00574

-0.4375 -1.00573
-0.40625 -1.00539

-0.40625 -1.00537
-0.375 -1.00409

-0.375 -1.00408
-0.34375 -1.00191

-0.34375 -1.00187
-0.3247 -1

-0.96875 -0.773322
-0.985882 -0.75

-0.9375 -0.810985
-0.96303 -0.78125

-0.96875 -0.773019
-0.9626 -0.78125

-0.90625 -0.842517
-0.936276 -0.8125

-0.875 -0.869277
-0.904767 -0.84375

-0.90625 -0.841439
-0.903712 -0.84375

-0.9375 -0.810342
-0.935526 -0.8125

-0.84375 -0.892239
-0.867222 -0.875

-0.8125 -0.911952
-0.821652 -0.90625

-0.84375 -0.891743
-0.821022 -0.90625

-0.75 -0.944088
-0.763781 -0.9375

-0.8125 -0.911771
-0.78125 -0.929052

-0.78125 -0.928717
-0.762879 -0.9375

-0.875 -0.868324
-0.866066 -0.875

-1 -0.7273
-0.985677 -0.75

-0.75 -0.943858
-0.71875 -0.956725

-0.71875 -0.956546
-0.6875 -0.967662

-0.65625 -0.977358
-0.684504 -0.96875

-0.6875 -0.967258
-0.682604 -0.96875

-0.65625 -0.977224
-0.625 -0.985068

-0.625 -0.98502
-0.59375 -0.991405

-0.59375 -0.991357
-0.5625 -0.996475

-0.5625 -0.996439
-0.534722 -1

-1 -0.010925
-0.995452 0

-0.32327 -1
-0.3125 -0.998941

-0.3125 -0.998864
-0.28125 -0.994836

-0.28125 -0.994817
-0.25 -0.989848

-0.25 -0.98982
-0.21875 -0.984006

-0.21875 -0.983987
-0.1875 -0.977422

-0.1875 -0.977398
-0.15625 -0.970171

-0.15625 -0.969947
-0.151596 -0.96875

-0.150078 -0.96875
-0.125 -0.962302

-0.125 -0.962195
-0.09375 -0.953236

-0.09375 -0.953183
-0.0625 -0.943484

-0.0625 -0.943411
-0.0447496 -0.9375

-0.0439734 -0.9375
-0.03125 -0.933263

-0.03125 -0.933147
0 -0.921891

-0.994598 0
-0.980596 0.03125

-0.980517 0.03125
-0.96875 0.0558404

-0.96875 0.0566034
-0.965928 0.0625

-0.96565 0.0625
-0.949729 0.09375

-0.949638 0.09375
-0.9375 0.116191

-0.9375 0.116771
-0.933049 0.125

-0.932829 0.125
-0.914938 0.15625

-0.914679 0.15625
-0.90625 0.170181

-0.90625 0.170991
-0.896261 0.1875

-0.89602 0.1875
-0.876116 0.21875

-0.8754 0.21875
-0.875 0.219367

-0.875 0.220514
-0.85524 0.25

-0.855007 0.25
-0.84375 0.266015

-0.84375 0.266509
-0.833362 0.28125

-0.833168 0.28125
-0.8125 0.309228

-0.8125 0.309354
-0.810161 0.3125

-0.810113 0.3125
-0.785914 0.34375

-0.785358 0.34375
-0.78125 0.34892

-0.78125 0.349637
-0.76066 0.375

-0.760163 0.375
-0.75 0.387216

-0.75 0.387579
-0.734229 0.40625

-0.733691 0.40625
-0.71875 0.423393

-0.71875 0.42363
-0.706373 0.4375

-0.705946 0.4375
-0.6875 0.457645

-0.6875 0.457834
-0.677218 0.46875

-0.676897 0.46875
-0.65625 0.490169

-0.65625 0.490386
-0.646727 0.5

-0.646498 0.5
-0.625 0.52115

-0.625 0.521396
-0.614739 0.53125

-0.614589 0.53125
-0.59375 0.550714

-0.59375 0.551051
-0.581205 0.5625

-0.581037 0.5625
-0.5625 0.57899

-0.5625 0.579467
-0.545952 0.59375

-0.545722 0.59375
-0.53125 0.606057

-0.53125 0.606511
-0.509021 0.625

-0.508498 0.625
-0.5 0.631926

-0.5 0.632404
-0.469997 0.65625

-0.469259 0.65625
-0.46875 0.656646

-0.46875 0.657159
-0.4375 0.680919

-0.4375 0.681147
-0.428716 0.6875

-0.428363 0.6875
-0.40625 0.703665

-0.40625 0.703933
-0.38512 0.71875

-0.384483 0.71875
-0.375 0.725264

-0.375 0.725708
-0.34375 0.746596

-0.34375 0.746725
-0.338579 0.75

-0.338216 0.75
-0.3125 0.766468

-0.3125 0.766701
-0.288811 0.78125

-0.287972 0.78125
-0.28125 0.785349

-0.28125 0.785726
-0.25 0.804054

-0.25 0.804265
-0.235325 0.8125

-0.234635 0.8125
-0.21875 0.821414

-0.21875 0.821621
-0.1875 0.838306

-0.1875 0.838448
-0.177074 0.84375

-0.176505 0.84375
-0.15625 0.854049

-0.15625 0.854192
-0.125 0.869295

-0.125 0.869444
-0.112859 0.875

-0.112192 0.875
-0.09375 0.883439

-0.09375 0.88356
-0.0625 0.897127

-0.0625 0.897297
-0.040541 0.90625

-0.0394762 0.90625
-0.03125 0.909604

-0.03125 0.909827
0 0.921827

0 -0.921802
0.03125 -0.909806

0.03125 -0.909582
0.0394224 -0.90625

0.0404914 -0.90625
0.0625 -0.897277

0.0625 -0.897106
0.09375 -0.883539

0.09375 -0.883416
0.112144 -0.875

0.112816 -0.875
0.125 -0.869425

0.125 -0.869276
0.15625 -0.854175

0.15625 -0.854034
0.176476 -0.84375

0.177041 -0.84375
0.1875 -0.838432

0.1875 -0.83829
0.21875 -0.821604

0.21875 -0.821396
0.234603 -0.8125

0.235297 -0.8125
0.25 -0.80425

0.25 -0.804038
0.28125 -0.785712

0.28125 -0.785334
0.287948 -0.78125

0.288787 -0.78125
0.3125 -0.766687

0.3125 -0.766458
0.338192 -0.75

0.338547 -0.75
0.34375 -0.746704

0.34375 -0.74657
0.375 -0.725682

0.375 -0.725235
0.384447 -0.71875

0.385097 -0.71875
0.40625 -0.703927

0.40625 -0.703666
0.42837 -0.6875

0.428708 -0.6875
0.4375 -0.681141

0.4375 -0.680912
0.46875 -0.65716

0.46875 -0.656644
0.469256 -0.65625

0.470014 -0.65625
0.5 -0.632426

0.5 -0.631947
0.508522 -0.625

0.509035 -0.625
0.53125 -0.606521

0.53125 -0.606067
0.545735 -0.59375

0.545968 -0.59375
0.5625 -0.579483

0.5625 -0.579006
0.581056 -0.5625

0.581221 -0.5625
0.59375 -0.551065

0.59375 -0.550728
0.614605 -0.53125

0.614753 -0.53125
0.625 -0.521411

0.625 -0.521166
0.646518 -0.5

0.646748 -0.5
0.65625 -0.49041

0.65625 -0.490193
0.676923 -0.46875

0.677243 -0.46875
0.6875 -0.457863

0.6875 -0.457674
0.705973 -0.4375

0.706401 -0.4375
0.71875 -0.423661

0.71875 -0.423426
0.733718 -0.40625

0.734255 -0.40625
0.75 -0.387606

0.75 -0.387245
0.760185 -0.375

0.760683 -0.375
0.78125 -0.349662

0.78125 -0.348944
0.785376 -0.34375

0.785932 -0.34375
0.810128 -0.3125

0.810175 -0.3125
0.8125 -0.309373

0.8125 -0.309248
0.833181 -0.28125

0.833375 -0.28125
0.84375 -0.266525

0.84375 -0.266032
0.855018 -0.25

0.85525 -0.25
0.875 -0.220524

0.875 -0.219379
0.875407 -0.21875

0.876122 -0.21875
0.896023 -0.1875

0.896264 -0.1875
0.90625 -0.170994

0.90625 -0.170183
0.914679 -0.15625

0.914939 -0.15625
0.932828 -0.125

0.933048 -0.125
0.9375 -0.116767

0.9375 -0.116188
0.949634 -0.09375

0.949724 -0.09375
0.965642 -0.0625

0.965921 -0.0625
0.96875 -0.0565879

0.96875 -0.0558242
0.980509 -0.03125

0.980588 -0.03125
0.99459 0

0 0.921916
0.03125 0.933175

0.03125 0.933292
0.0438893 0.9375

0.044657 0.9375
0.0625 0.94344

0.0625 0.94351
0.09375 0.953199

0.09375 0.953248
0.125 0.962197

0.125 0.962304
0.150081 0.96875

0.151588 0.96875
0.15625 0.969948

0.15625 0.970171
0.1875 0.977399

0.1875 0.977423
0.21875 0.983993

0.21875 0.984015
0.25 0.989835

0.25 0.989864
0.28125 0.994836

0.28125 0.994855
0.3125 0.998884

0.3125 0.99896
0.323082 1

0.995445 0
1 0.0109418

0.5625 0.996443
0.53478 1

0.5625 0.996479
0.59375 0.991358

0.59375 0.991406
0.625 0.985019

0.625 0.985068
0.65625 0.97722

0.6875 0.967245
0.682565 0.96875

0.65625 0.977355
0.684468 0.96875

0.6875 0.967649
0.71875 0.956522

0.71875 0.956701
0.75 0.94382

1 0.727108
0.985561 0.75

0.875 0.86828
0.866005 0.875

0.78125 0.928669
0.762788 0.9375

0.78125 0.929005
0.8125 0.911723

0.75 0.944047
0.763687 0.9375

0.84375 0.891695
0.820947 0.90625

0.8125 0.911901
0.821574 0.90625

0.84375 0.892191
0.867159 0.875

0.9375 0.810249
0.935443 0.8125

0.90625 0.841379
0.903647 0.84375

0.875 0.869234
0.904704 0.84375

0.90625 0.842458
0.936189 0.8125

0.96875 0.772875
0.962501 0.78125

0.9375 0.810887
0.962927 0.78125

0.96875 0.773177
0.985764 0.75

0.324495 1
0.34375 1.00189

0.34375 1.00193
0.375 1.0041

0.375 1.00411
0.40625 1.00539

0.40625 1.0054
0.4375 1.00574

0.4375 1.00576
0.46875 1.00509

0.46875 1.0051
0.5 1.00336

0.5 1.00338
0.53125 1.00049

0.53125 1.00051
0.535261 1

1 0.0143311
1.00704 0.03125

1.00758 0.03125
1.01963 0.0625

1.01966 0.0625
1.03077 0.09375

1.03105 0.09375
1.03125 0.0943687

1.03125 0.0952397
1.04089 0.125

1.0409 0.125
1.05003 0.15625

1.05003 0.15625
1.05815 0.1875

1.05821 0.1875
1.0625 0.206379

1.0625 0.206916
1.06519 0.21875

1.06527 0.21875
1.07134 0.25

1.07135 0.25
1.07635 0.28125

1.07636 0.28125
1.08027 0.3125

1.08028 0.3125
1.08307 0.34375

1.08308 0.34375
1.0847 0.375

1.08471 0.375
1.08513 0.40625

1.08514 0.40625
1.08429 0.4375

1.08431 0.4375
1.08214 0.46875

1.08215 0.46875
1.07858 0.5

1.0625 0.579108
1.0586 0.59375

1.05868 0.59375
1.04851 0.625

1.07861 0.5
1.07355 0.53125

1.07358 0.53125
1.06694 0.5625

1.0625 0.579419
1.06701 0.5625

1.03125 0.667394
1.02198 0.6875

1.04855 0.625
1.03636 0.65625

1.03125 0.667575
1.03647 0.65625

1.02209 0.6875
1.0052 0.71875

1 0.727325
1.00529 0.71875


# Quadtree, 226 steps, 124.236 CPU, 124.4 real, 8.63e+04 points.step/s, 31 var
