-1 -0.713707
-1.01456 -0.6875

-1.03125 -0.651367
-1.04191 -0.625

-1.01445 -0.6875
-1.02931 -0.65625

-1.03125 -0.650938
-1.0291 -0.65625

-1.0625 -0.55656
-1.06822 -0.53125

-1.06817 -0.53125
-1.07364 -0.5

-1.04184 -0.625
-1.05245 -0.59375

-1.05241 -0.59375
-1.06117 -0.5625

-1.0625 -0.556097
-1.06105 -0.5625

-1.07362 -0.5
-1.0776 -0.46875

-1.07758 -0.46875
-1.08016 -0.4375

-1.08014 -0.4375
-1.08139 -0.40625

-1.08138 -0.40625
-1.08136 -0.375

-1.08135 -0.375
-1.08011 -0.34375

-1.0801 -0.34375
-1.0777 -0.3125

-1.07769 -0.3125
-1.07416 -0.28125

-1.07415 -0.28125
-1.06952 -0.25

-1.06951 -0.25
-1.06382 -0.21875

-1.06376 -0.21875
-1.0625 -0.212898

-1.0625 -0.212615
-1.05708 -0.1875

-1.05706 -0.1875
-1.0493 -0.15625

-1.04929 -0.15625
-1.04053 -0.125

-1.04051 -0.125
-1.03125 -0.095345

-1.03125 -0.0943468
-1.03106 -0.09375

-1.03076 -0.09375
-1.02001 -0.0625

-1.01999 -0.0625
-1.00828 -0.03125

-1.00788 -0.03125
-1 -0.0118078

-0.5 -1.00171
-0.516214 -1

-0.5 -1.00162
-0.46875 -1.00379

-0.46875 -1.00377
-0.4375 -1.00483

-0.4375 -1.00481
-0.40625 -1.00484

-0.40625 -1.00482
-0.375 -1.00388

-0.375 -1.00387
-0.34375 -1.00202

-0.34375 -1.002
-0.320994 -1

-0.96875 -0.761614
-0.977057 -0.75

-0.9375 -0.800451
-0.953636 -0.78125

-0.96875 -0.761157
-0.953639 -0.78125

-0.90625 -0.832977
-0.926585 -0.8125

-0.875 -0.860495
-0.894691 -0.84375

-0.90625 -0.832261
-0.893678 -0.84375

-0.9375 -0.799868
-0.926111 -0.8125

-0.84375 -0.884304
-0.856554 -0.875

-0.84375 -0.884063
-0.8125 -0.904819

-0.75 -0.938257
-0.751525 -0.9375

-0.78125 -0.922891
-0.810265 -0.90625

-0.8125 -0.903915
-0.808427 -0.90625

-0.78125 -0.92248
-0.751154 -0.9375

-0.875 -0.860191
-0.855607 -0.875

-0.977058 -0.75
-0.997261 -0.71875

-1 -0.713292
-0.996968 -0.71875

-0.75 -0.938246
-0.71875 -0.951785

-0.71875 -0.951575
-0.6875 -0.963152

-0.75 -0.937293
-0.749523 -0.9375

-0.65625 -0.973366
-0.670644 -0.96875

-0.6875 -0.963006
-0.669588 -0.96875

-0.65625 -0.973198
-0.625 -0.981615

-0.625 -0.981557
-0.59375 -0.988443

-0.59375 -0.988396
-0.5625 -0.99396

-0.5625 -0.993927
-0.53125 -0.998327

-0.53125 -0.998252
-0.514644 -1

-1 -0.00865424
-0.996491 0

-0.319937 -1
-0.3125 -0.999346

-0.3125 -0.99929
-0.28125 -0.995603

-0.28125 -0.995589
-0.25 -0.990963

-0.25 -0.990941
-0.21875 -0.985447

-0.21875 -0.985428
-0.1875 -0.979145

-0.1875 -0.979129
-0.15625 -0.972126

-0.15625 -0.972027
-0.143092 -0.96875

-0.142045 -0.96875
-0.125 -0.964505

-0.125 -0.964393
-0.09375 -0.955728

-0.09375 -0.955686
-0.0625 -0.946219

-0.0625 -0.94619
-0.0357802 -0.9375

-0.0353594 -0.9375
-0.03125 -0.936164

-0.03125 -0.936118
0 -0.925133

-0.995626 0
-0.981972 0.03125

-0.981946 0.03125
-0.96875 0.0594738

-0.96875 0.0598757
-0.967523 0.0625

-0.96737 0.0625
-0.951784 0.09375

-0.951749 0.09375
-0.9375 0.120617

-0.9375 0.120938
-0.935346 0.125

-0.935214 0.125
-0.917647 0.15625

-0.917502 0.15625
-0.90625 0.175174

-0.90625 0.175787
-0.899285 0.1875

-0.899061 0.1875
-0.879473 0.21875

-0.878936 0.21875
-0.875 0.224852

-0.875 0.225758
-0.858996 0.25

-0.858782 0.25
-0.84375 0.27165

-0.84375 0.271953
-0.837352 0.28125

-0.837166 0.28125
-0.814397 0.3125

-0.81372 0.3125
-0.8125 0.314132

-0.8125 0.315071
-0.790566 0.34375

-0.790086 0.34375
-0.78125 0.355048

-0.78125 0.355523
-0.765632 0.375

-0.765201 0.375
-0.75 0.393388

-0.75 0.393594
-0.739362 0.40625

-0.739085 0.40625
-0.71875 0.42949

-0.71875 0.429666
-0.711766 0.4375

-0.711629 0.4375
-0.6875 0.463738

-0.6875 0.463859
-0.682906 0.46875

-0.682804 0.46875
-0.65625 0.496315

-0.65625 0.496394
-0.652691 0.5

-0.652641 0.5
-0.625 0.527275

-0.625 0.527402
-0.621013 0.53125

-0.620897 0.53125
-0.59375 0.556873

-0.59375 0.557022
-0.587789 0.5625

-0.587589 0.5625
-0.5625 0.58511

-0.5625 0.585341
-0.552859 0.59375

-0.552595 0.59375
-0.53125 0.612052

-0.53125 0.612483
-0.516016 0.625

-0.515776 0.625
-0.5 0.637754

-0.5 0.638265
-0.477346 0.65625

-0.476752 0.65625
-0.46875 0.662457

-0.46875 0.662947
-0.4375 0.686625

-0.4375 0.686658
-0.436347 0.6875

-0.43618 0.6875
-0.40625 0.709209

-0.40625 0.709453
-0.392915 0.71875

-0.39233 0.71875
-0.375 0.73084

-0.375 0.731153
-0.34667 0.75

-0.345765 0.75
-0.34375 0.751292

-0.34375 0.75177
-0.3125 0.771625

-0.3125 0.771881
-0.297152 0.78125

-0.296458 0.78125
-0.28125 0.790534

-0.28125 0.790774
-0.25 0.808932

-0.25 0.809039
-0.243765 0.8125

-0.243338 0.8125
-0.21875 0.826148

-0.21875 0.826294
-0.1875 0.842792

-0.1875 0.842823
-0.185655 0.84375

-0.185335 0.84375
-0.15625 0.858357

-0.15625 0.858478
-0.125 0.873385

-0.125 0.873435
-0.121531 0.875

-0.121161 0.875
-0.09375 0.887362

-0.09375 0.887441
-0.0625 0.900798

-0.0625 0.900938
-0.0492591 0.90625

-0.0485612 0.90625
-0.03125 0.913195

-0.03125 0.913289
0 0.925097

0 -0.925059
0.03125 -0.913252

0.03125 -0.913157
0.0484666 -0.90625

0.0491704 -0.90625
0.0625 -0.900902

0.0625 -0.900761
0.09375 -0.887401

0.09375 -0.88732
0.121066 -0.875

0.121441 -0.875
0.125 -0.873395

0.125 -0.873345
0.15625 -0.858438

0.15625 -0.858318
0.185252 -0.84375

0.185569 -0.84375
0.1875 -0.84278

0.1875 -0.842748
0.21875 -0.826246

0.21875 -0.826101
0.243249 -0.8125

0.243678 -0.8125
0.25 -0.80899

0.25 -0.808881
0.28125 -0.79072

0.28125 -0.790482
0.29637 -0.78125

0.297064 -0.78125
0.3125 -0.771824

0.3125 -0.771567
0.34375 -0.751707

0.34375 -0.751227
0.345663 -0.75

0.346578 -0.75
0.375 -0.731087

0.375 -0.730776
0.392234 -0.71875

0.392797 -0.71875
0.40625 -0.709367

0.40625 -0.709127
0.436091 -0.6875

0.436282 -0.6875
0.4375 -0.686612

0.4375 -0.686575
0.46875 -0.662924

0.46875 -0.662433
0.476726 -0.65625

0.477315 -0.65625
0.5 -0.638251

0.5 -0.637736
0.51576 -0.625

0.516006 -0.625
0.53125 -0.61248

0.53125 -0.612047
0.552591 -0.59375

0.552856 -0.59375
0.5625 -0.58534

0.5625 -0.585108
0.587588 -0.5625

0.587786 -0.5625
0.59375 -0.557019

0.59375 -0.556871
0.620896 -0.53125

0.621012 -0.53125
0.625 -0.527401

0.625 -0.527274
0.652644 -0.5

0.652696 -0.5
0.65625 -0.4964

0.65625 -0.496322
0.682813 -0.46875

0.682914 -0.46875
0.6875 -0.463867

0.6875 -0.463747
0.711635 -0.4375

0.711772 -0.4375
0.71875 -0.429672

0.71875 -0.429496
0.739089 -0.40625

0.739365 -0.40625
0.75 -0.393595

0.75 -0.39339
0.765202 -0.375

0.765632 -0.375
0.78125 -0.355522

0.78125 -0.355046
0.790084 -0.34375

0.790564 -0.34375
0.8125 -0.315066

0.8125 -0.314127
0.813716 -0.3125

0.814393 -0.3125
0.837161 -0.28125

0.837347 -0.28125
0.84375 -0.271945

0.84375 -0.271642
0.858775 -0.25

0.858988 -0.25
0.875 -0.225741

0.875 -0.224836
0.878924 -0.21875

0.879462 -0.21875
0.899046 -0.1875

0.89927 -0.1875
0.90625 -0.175761

0.90625 -0.175147
0.917486 -0.15625

0.917632 -0.15625
0.935198 -0.125

0.935331 -0.125
0.9375 -0.120909

0.9375 -0.120587
0.951733 -0.09375

0.951768 -0.09375
0.967355 -0.0625

0.967509 -0.0625
0.96875 -0.0598465

0.96875 -0.0594406
0.981932 -0.03125

0.981958 -0.03125
0.995615 0

0 0.925171
0.03125 0.936155

0.03125 0.936198
0.0352554 0.9375

0.0356699 0.9375
0.0625 0.946224

0.0625 0.946253
0.09375 0.955715

0.09375 0.955757
0.125 0.964415

0.125 0.964526
0.141973 0.96875

0.14302 0.96875
0.15625 0.972042

0.15625 0.97214
0.1875 0.97914

0.1875 0.979157
0.21875 0.985443

0.21875 0.985463
0.25 0.990962

0.25 0.990984
0.28125 0.995613

0.28125 0.995627
0.3125 0.999314

0.3125 0.999368
0.319686 1

0.996483 0
1 0.00867406

0.53125 0.99825
0.51466 1

0.53125 0.998325
0.5625 0.993918

0.5625 0.99395
0.59375 0.988381

0.59375 0.988429
0.625 0.981537

0.625 0.981595
0.65625 0.973171

0.6875 0.962973
0.669498 0.96875

0.65625 0.973338
0.670548 0.96875

0.75 0.937247
0.749416 0.9375

0.6875 0.963117
0.71875 0.951533

0.71875 0.951745
0.75 0.938196

1 0.713081
0.996849 0.71875

0.997139 0.71875
0.976932 0.75

0.875 0.86009
0.855493 0.875

0.78125 0.922419
0.751047 0.9375

0.8125 0.903855
0.808323 0.90625

0.78125 0.922835
0.810158 0.90625

0.75 0.938208
0.751425 0.9375

0.8125 0.904757
0.84375 0.883987

0.84375 0.884224
0.856445 0.875

0.9375 0.799724
0.925988 0.8125

0.90625 0.832145
0.893556 0.84375

0.875 0.860391
0.894564 0.84375

0.90625 0.832855
0.926457 0.8125

0.96875 0.76099
0.953511 0.78125

0.9375 0.80031
0.953503 0.78125

0.96875 0.761446
0.976928 0.75

0.320719 1
0.34375 1.00202

0.34375 1.00204
0.375 1.00389

0.375 1.0039
0.40625 1.00484

0.40625 1.00485
0.4375 1.00483

0.4375 1.00484
0.46875 1.00378

0.46875 1.0038
0.5 1.00163

0.5 1.00171
0.516231 1

1 0.0118386
1.00787 0.03125

1.00827 0.03125
1.01999 0.0625

1.02 0.0625
1.03076 0.09375

1.03106 0.09375
1.03125 0.0943522

1.03125 0.095353
1.04051 0.125

1.04052 0.125
1.04929 0.15625

1.04929 0.15625
1.05705 0.1875

1.05707 0.1875
1.0625 0.212693

1.0625 0.212974
1.06374 0.21875

1.0638 0.21875
1.06949 0.25

1.0695 0.25
1.07412 0.28125

1.07413 0.28125
1.07765 0.3125

1.07766 0.3125
1.08006 0.34375

1.08007 0.34375
1.0813 0.375

1.08131 0.375
1.08132 0.40625

1.08134 0.40625
1.08009 0.4375

1.0801 0.4375
1.07752 0.46875

1.07754 0.46875
1.07355 0.5

1.0625 0.55573
1.06097 0.5625

1.06108 0.5625
1.05231 0.59375

1.05235 0.59375
1.04173 0.625

1.07357 0.5
1.06809 0.53125

1.0625 0.556188
1.06814 0.53125

1.03125 0.650677
1.029 0.65625

1.0292 0.65625
1.01433 0.6875

1.03125 0.651103
1.04181 0.625

1 0.713493
1.01444 0.6875


# Quadtree, 274 steps, 117.781 CPU, 118.4 real, 1.1e+05 points.step/s, 31 var
